-82
176
-58
102
0000000000000000000000000000000000000000000000000000000000000000000000000000000000000000000000000000000000000000000000000000000000000000000000000000000000000000000000000000000000000000000000000000000000000000000000000000000000000000000000000000000000000000000
1111111111111111111111111111111111111111111111111111111111111111111111111111111111111111111111111111000000000000000000000000000000000000000000000000000000000000000000000000000000000000000000000000000000000000000000000000000000000000000000000000000000000000000
1111111111111111111111111111111111111111111111111111111111111111111111111111111111111111111111111111000000000000000000000000000000000000000000000000000000000000000000000000000000000000000000000000000000000000000000000000000000000000000000000000000000000000000
1100000000000000000000000000000000000000000000000000000000000000000000000000000000000000000000000000000000000000000000000000000000000000000000000000000000000000000000000000000000000000000000000000000000000000000000000000000000000000000000000000000000000000000
1100000000000000000000000000000000000000000000000000000000000000000000000000000000000000000000000000000000000000000000000000000000000000000000000000000000000000000000000000000000000000000000000000000000000000000000000000000000000000000000000000000000000000000
1100000000000000000000000000000000000000000000000000000000000000000000000000000000000000000000000000000000000000000000000000000000000000000000000000000000000000000000000000000000000000000000000000000000000000000000000000000000000000000000000000000000000000000
1100000000000000000000000000000000000000000000000000000000000000000000000000000000000000000000000000000000000000000000000000000000000000000000000000000000000000000000000000000000000000000000000000000000000000000000000000000000000000000000000000000000000000000
0000000000000000000000000000000000000000000000000000000000000000000000000000000000000000000000000000000000000011110000000000000000000000001111111111110000000000000000000000000000000000000000000000000000000000000000000000000000000000000000000000000000000000000
0000000000000000000000000000000000000000000000000000000000000000000000000000000000000000000000000000000000000011110000000000000000000000001111111111110000000000000000000000000000000000000000000000000000000000000000000000000000000000000000000000000000000000000
0000000000000000000000000000000000000000000000000000000000000000000000000000000000000000000000000000000000000011110000000000000000000000001111111111110000000000000000000000000000000000000000000000000000000000000000000000000000000000000000000000000000000000000
0000000000000000000000000000000000000000000000000000000000000000000000000000000000000000000000000000000000000011110000000000000000000000001111111111110000000000000000000000000000000000000000000000000000000000000000000000000000000000000000000000000000000000000
0000000000000000000000111111110000111111111111000000000000000000001111111111110000000000000000000011110000000000000000000000000000111100000000000000000000111111111111111111110000000000000000000000000000000000000000000000000000000000000000000000000000000000000
0000000000000000000000111111110000111111111111000000000000000000001111111111110000000000000000000011110000000000000000000000000000111100000000000000000000111111111111111111110000000000000000000000000000000000000000000000000000000000000000000000000000000000000
0000000000000000000000111111110000111111111111000000000000000000001111111111110000000000000000000011110000000000000000000000000000111100000000000000000000111111111111111111110000000000000000000000000000000000000000000000000000000000000000000000000000000000000
0000000000000000000000111111110000111111111111000000000000000000001111111111110000000000000000000011110000000000000000000000000000111100000000000000000000111111111111111111110000000000000000000000000000000000000000000000000000000000000000000000000000000000000
0000000000000011111111111111111111111111111111111100000000000011111111111111110000000011110000000000000000000011110000000000000000000000000000000000001111111111111111111111111111111100000000000000000000000000000000000000000000000000000000000000000000000000000
0000000000000011111111111111111111111111111111111100000000000011111111111111110000000011110000000000000000000011110000000000000000000000000000000000001111111111111111111111111111111100000000000000000000000000000000000000000000000000000000000000000000000000000
0000000000000011111111111111111111111111111111111100000000000011111111111111110000000011110000000000000000000011110000000000000000000000000000000000001111111111111111111111111111111100000000000000000000000000000000000000000000000000000000000000000000000000000
0000000000000011111111111111111111111111111111111100000000000011111111111111110000000011110000000000000000000011110000000000000000000000000000000000001111111111111111111111111111111100000000000000000000000000000000000000000000000000000000000000000000000000000
0000000000111111111111111111111111111111111111111111110000000011111111111111110000000000000000000000000000000011111111111111111111111111110000000000001111111111111111111111111111111100000000000000000000000000000000000000000000000000000000000000000000000000000
0000000000111111111111111111111111111111111111111111110000000011111111111111110000000000000000000000000000000011111111111111111111111111110000000000001111111111111111111111111111111100000000000000000000000000000000000000000000000000000000000000000000000000000
0000000000111111111111111111111111111111111111111111110000000011111111111111110000000000000000000000000000000011111111111111111111111111110000000000001111111111111111111111111111111100000000000000000000000000000000000000000000000000000000000000000000000000000
0000000000111111111111111111111111111111111111111111110000000011111111111111110000000000000000000000000000000011111111111111111111111111110000000000001111111111111111111111111111111100000000000000000000000000000000000000000000000000000000000000000000000000000
0000000000111111111111111111111111111111111111111111110000000011111111111111111111111111111111000000000000000011111111111111111111111111110000000000001111111111111111111111111111111100000000000000000000000000000000000000000000000000000000000000000000000000000
0000000000111111111111111111111111111111111111111111110000000011111111111111111111111111111111000000000000000011111111111111111111111111110000000000001111111111111111111111111111111100000000000000000000000000000000000000000000000000000000000000000000000000000
0000000000111111111111111111111111111111111111111111110000000011111111111111111111111111111111000000000000000011111111111111111111111111110000000000001111111111111111111111111111111100000000000000001111111100001111111100001111111100001111111100001111111111110
0000000000111111111111111111111111111111111111111111110000000011111111111111111111111111111111000000000000000011111111111111111111111111110000000000001111111111111111111111111111111100000000000000001111111100001111111100001111111100001111111100001111111111110
0000000000111111111111111111111111111111111111111111110000000000000000111111111111111111111111111100000000111111111111111111111111111111110000001100001111111111111111111111111111111111111111000000000000000000000000000000000000000000000000000000000000000000000
0000000000111111111111111111111111111111111111111111110000000000000000111111111111111111111111111100000000111111111111111111111111111111110000001100001111111111111111111111111111111111111111000000000000000000000000000000000000000000000000000000000000000000000
0000000000111111111111111111111111111111111111111111110000000000000000111111111111111111111111111100000000111111111111111111111111111111110000001100001111111111111111111111111111111111111111000000000000000000000000000000000000000000000000000000000000000000000
0000000000111111111111111111111111111111111111111111110000000000000000111111111111111111111111111100000000111111111111111111111111111111110000001100001111111111111111111111111111111111111111000000000000000000000000000000000000000000000000000000000000000000000
0000000000111111111111111111110000000011111111111111110000000000001111111111111111111111111111000000000000111111111111111100001111111111110000000000001111111111111111111111111111111111111111000000000000111111111111111111111111111111111111111111111111111100000
0000000000111111111111111111110000000011111111111111110000000000001111111111111111111111111111000000000000111111111111111100001111111111110000000000001111111111111111111111111111111111111111000000000000111111111111111111111111111111111111111111111111111100000
0000000000111111111111111111110000000011111111111111110000000000001111111111111111111111111111000000000000111111111111111100001111111111110000000000001111111111111111111111111111111111111111000000000000111111111111111111111111111111111111111111111111111100000
0000000000111111111111111111110000000011111111111111110000000000001111111111111111111111111111000000000000111111111111111100001111111111110000000000001111111111111111111111111111111111111111000000000000111111111111111111111111111111111111111111111111111100000
0000000000111111111111111111110000000000001111111111110000000011111111111111111111111111111111111100001111111111111111111111111111111111110000000011111111111111111111111111111111111111110000000000000000111111111111111111111111111111111111111111111111111100000
0000000000111111111111111111110000000000001111111111110000000011111111111111111111111111111111111100001111111111111111111111111111111111110000000011111111111111111111111111111111111111110000000000000000111111111111111111111111111111111111111111111111111100000
0000000000111111111111111111110000000000001111111111110000000011111111111111111111111111111111111100001111111111111111111111111111111111111111111111111111111111111111111111111111111111110000000000000000111111111111111111111111111111111111111111111111111100000
0000000000111111111111111111110000000000001111111111110000000011111111111111111111111111111111111100001111111111111111111111111111111111111111111111111111111111111111111111111111111111110000000000000000111111111111111111111111111111111111111111111111111100000
0000000000000011111111111111111111000000001111111111111111111111111111111111110000111111111111111100001111111111111111111111111111111111111111111111111111111111111111111111111111111111110000000000000000111111111111111111111111111111111111111111111111111100000
0000000000000011111111111111111111000000001111111111111111111111111111111111110000111111111111111100001111111111111111111111111111111111111111111111111111111111111111111111111111111111110000000000000000111111111111111111111111111111111111111111111111111100000
0000000000000011111111111111111111000000001111111111111111111111111111111111110000111111111111111100001111111111111111111111111111111111111111111111111111111111111111111111111111111111110000000000000000111111111111111111111111111111111111111111111111111100000
0000000000000011111111111111111111000000001111111111111111111111111111111111110000111111111111111100001111111111111111111111111111111111111111111111111111111111111111111111111111111111110000000000000000111111111111111111111111111111111111111111111111111100000
0000000000000011111111111111111111111100000000111111111111111111111111111111111111111111111111111111111111111111111111111100001111111111111111111111111111000011111111111111111111111111111111000000000000111111111111111111111111111111111111111111111111111100000
0000000000000011111111111111111111111100000000111111111111111111111111111111111111111111111111111111111111111111111111111100001111111111111111111111111111000011111111111111111111111111111111000000000000111111111111111111111111111111111111111111111111111100000
0000000000000011111111111111111111111100000000111111111111111111111111111111111111111111111111111111111111111111111111111100001111111111111111111111111111000011111111111111111111111111111111000000000000111111111111111111111111111111111111111111111111111100000
0000000000000011111111111111111111111100000000111111111111111111111111111111111111111111111111111111111111111111111111111100001111111111111111111111111111000011111111111111111111111111111111000000000000111111111111111111111111111111111111111111111111111100000
0000000000111111111111111111111111111100000000111111111111111111111111111111111111111111111111111111111111111111111111111111111111111111111111111111110000111111111111111100001111111111110000000000000000111111111111111111111111111111111111111111111111111100000
0000000000111111111111111111111111111100000000111111111111111111111111111111111111111111111111111111111111111111111111111111111111111111111111111111110000111111111111111100001111111111110000000000000000111111111111111111111111111111111111111111111111111100000
0000000000111111111111111111111111111100000000111111111111111111111111111111111111111111111111111111111111111111111111111111111111111111111111111111110000111111111111111100001111111111110000000000000000111111111111111111111111111111111111111111111111111100000
0000000000111111111111111111111111111100000000111111111111111111111111111111111111111111111111111111111111111111111111111111111111111111111111111111110000111111111111111100001111111111110000000000000000111111111111111111111111111111111111111111111111111100000
0000000000111111111111111111111111111100000000000000000000111111111111111111111111111111111111111111111111111111111111111111111111111111111111111111110000111111111111111111111111111111111111000000000000111111111111111111111111111111111111111111111111111100000
0000000000111111111111111111111111111100000000000000000000111111111111111111111111111111111111111111111111111111111111111111111111111111111111111111110000111111111111111111111111111111111111000000000000111111111111111111111111111111111111111111111111111100000
0000000000111111111111111111111111111100000000000000000000111111111111111111111111111111111111111111111111111111111111111111111111111111111111111111110000111111111111111111111111111111111111000000000000111111111111111111111111111111111111111111111111111100000
0000000000111111111111111111111111111100000000000000000000111111111111111111111111111111111111111111111111111111111111111111111111111111111111111111110000111111111111111111111111111111111111000000000000111111111111111111111111111111111111111111111111111100000
0000000000000011111111111111111111111111111111000000000000111111111111111111111111111100001111111111111111111111111111111111111111111111111111111111110000111111111111111111111111111111111111000000000000111111111111111111111111111111111111111111111111000000000
0000000000000011111111111111111111111111111111000000000000111111111111111111111111111100001111111111111111111111111111111111111111111111111111111111110000111111111111111111111111111111111111000000000000111111111111111111111111111111111111111111111111000000000
0000000000000011111111111111111111111111111111000000000000111111111111111111111111111100001111111111111111111111111111111111111111111111111111111111110000111111111111111111111111111111111111000000000000111111111111111111111111111111111111111111111111000000000
0000000000000011111111111111111111111111111111000000000000111111111111111111111111111100001111111111111111111111111111111111111111111111111111111111110000111111111111111111111111111111111111000000000000111111111111111111111111111111111111111111111111000000000
0000000000000011111111111111111111111111111111000000000000111111111111111111111111000011111111111111111111111111111111111111111111111111111111111100000000111111111111111111111111111111110000000000000000111111111111111111111111111111111111111111111111000011110
0000000000000011111111111111111111111111111111000000000000111111111111111111111111000011111111111111111111111111111111111111111111111111111111111100000000111111111111111111111111111111110000000000000000111111111111111111111111111111111111111111111111000011110
0000000000000011111111111111111111111111111111000000000000111111111111111111111111000011111111111111111111111111111111111111111111111111111111111100000000111111111111111111111111111111110000000000000000111111111111111111111111111111111111111111111111000011110
0000000000000011111111111111111111111111111111000000000000111111111111111111111111000011111111111111111111111111111111111111111111111111111111111100000000111111111111111111111111111111110000000000000000111111111111111111111111111111111111111111111111000011110
0000000000000011111111111111111111111111111111000000000000111111111111111111110000111111111111111111111111111111111111111100001111111111111111111100000000111111111111111111111111111111110000000000001111111111111111111111111111111111111111111111111111000011110
0000000000000011111111111111111111111111111111000000000000111111111111111111110000111111111111111111111111111111111111111100001111111111111111111100000000111111111111111111111111111111110000000000001111111111111111111111111111111111111111111111111111000011110
0000000000000011111111111111111111111111111111000000000000111111111111111111110000111111111111111111111111111111111111111100001111111111111111111100000000111111111111111111111111111111110000000000001111111111111111111111111111111111111111111111111111000011110
0000000000000011111111111111111111111111111111000000000000111111111111111111110000111111111111111111111111111111111111111100001111111111111111111100000000111111111111111111111111111111110000000000001111111111111111111111111111111111111111111111111111000011110
0000000000000000001111111111111111111111111111000000001111111111111111111100000000111111111111111111111111111111111111111111111111111111111111111100000000000011110000111100001111111100000000000000000000111111111111111111111111111111111111111111110000000000000
0000000000000000001111111111111111111111111111000000001111111111111111111100000000111111111111111111111111111111111111111111111111111111111111111100000000000011110000111100001111111100000000000000000000111111111111111111111111111111111111111111110000000000000
0000000000000000001111111111111111111111111111000000001111111111111111111100000000111111111111111111000000000000000000000000111111111111111111111100000000000011110000111100001111111100000000000000000000111111111111111111111111111111111111111111110000000000000
0000000000000000001111111111111111111111111111000000001111111111111111111100000000111111111111111111000000000000000000000000111111111111111111111100000000000011110000111100001111111100000000000000000000111111111111111111111111111111111111111111110000000000000
0000000000000000000000000000000000111111111111000000000000000000000000000011111111111111111111111111000000000000000000000000111111111111111111111100000000000000000000000000001111111100000000000000000000000000000000111111111111111111111111111111111111000011110
0000000000000000000000000000000000111111111111000000000000000000000000000011111111111111111111111111000000000000000000000000111111111111111111111100000000000000000000000000001111111100000000000000000000000000000000111111111111111111111111111111111111000011110
0000000000000000000000000000000000111111111111000000000000000000000000000011111111111111111111111111000000000000000000000000111111111111111111111100000000000000000000000000001111111100000000000000000000000000000000111111111111111111111111111111111111000011110
0000000000000000000000000000000000111111111111000000000000000000000000000011111111111111111111111111000000000000000000000000111111111111111111111100000000000000000000000000001111111100000000000000000000000000000000111111111111111111111111111111111111000011110
0000000000000000000000000000000000111111111111111111111111000011111111111111111111111111111111111111000000000000000000000000111111111111111111111111111111111111111111111111111111111111111111111111111111111111111111111111111111111111111111111111111111000011110
0000000000000000000000000000000000111111111111111111111111000011111111111111111111111111111111111111000000000000000000000000111111111111111111111111111111111111111111111111111111111111111111111111111111111111111111111111111111111111111111111111111111000011110
0000000000000000000000000000000000111111111111111111111111000011111111111111111111111111111111111111000000000000000000000000111111111111111111111111111111111111111111111111111111111111111111111111111111111111111111111111111111111111111111111111111111000011110
0000000000000000000000000000000000111111111111111111111111000011111111111111111111111111111111111111000000000000000000000000111111111111111111111111111111111111111111111111111111111111111111111111111111111111111111111111111111111111111111111111111111000011110
0000000000000000000000000011111111111111111111111111111111111111111111111111111111111111111111000011000000000000000000000000000000111111111111111111111111111111111111111111111111111111111111111111111111111111111111111111111111111111111111111111111111000011110
0000000000000000000000000011111111111111111111111111111111111111111111111111111111111111111111000011000000000000000000000000000000111111111111111111111111111111111111111111111111111111111111111111111111111111111111111111111111111111111111111111111111000011110
0000000000000000000000000011111111111111111111111111111111111111111111111111111111111111111111000011000000000000000000000000000000111111111111111111111111111111111111111111111111111111111111111111111111111111111111111111111111111111111111111111111111000011110
0000000000000000000000000011111111111111111111111111111111111111111111111111111111111111111111000011000000000000000000000000000000111111111111111111111111111111111111111111111111111111111111111111111111111111111111111111111111111111111111111111111111000011110
0011110000000000001111111111111111111111111111111111111111111111111111111111111111111111111111111111000000000000000000000000000000111111111111111111111111111111111111111111111111111111111111111111111111111111111111111111111111111111111111111111111111000000000
0011110000000000001111111111111111111111111111111111111111111111111111111111111111111111111111111111000000000000000000000000000000111111111111111111111111111111111111111111111111111111111111111111111111111111111111111111111111111111111111111111111111000000000
0011110000000000001111111111111111111111111111111111111111111111111111111111111111111111111111111111000000000000000011111100000000111111111111111111111111111111111111111111111111111111111111111111111111111111111111111111111111111111111111111111111111000000000
0011110000000000001111111111111111111111111111111111111111111111111111111111111111111111111111111111000000000000000011111100000000111111111111111111111111111111111111111111111111111111111111111111111111111111111111111111111111111111111111111111111111000000000
0000000000000011111111111111111111111111111111111111111111111111111111111111111111111111111111000000001111111111111111111111111111111111111111111111111111111111111111111111111111111111111111111111111111111111111111111111111111111111111111111111110000000011110
0000000000000011111111111111111111111111111111111111111111111111111111111111111111111111111111000000001111111111111111111111111111111111111111111111111111111111111111111111111111111111111111111111111111111111111111111111111111111111111111111111110000000011110
0000000000000011111111111111111111111111111111111111111111111111111111111111111111111111111111000000001111111111111111111111111111111111111111111111111111111111111111111111111111111111111111111111111111111111111111111111111111111111111111111111110000000011110
0000000000000011111111111111111111111111111111111111111111111111111111111111111111111111111111000000001111111111111111111111111111111111111111111111111111111111111111111111111111111111111111111111111111111111111111111111111111111111111111111111110000000011110
0000000000111111111111111111111111111111111111111111111111000011111111111111111111111111111111111111111111111111110000111111111111111111110000111111111111111111111111111111111111111100000000000000000000000000000000111111111111111111111111111111111111000011110
0000000000111111111111111111111111111111111111111111111111000011111111111111111111111111111111111111111111111111110000111111111111111111110000111111111111111111111111111111111111111100000000000000000000000000000000111111111111111111111111111111111111000011110
0000000000111111111111111111111111111111111111111111111111000011111111111111111111111111111111111111111111111111110000111111111111111111110000111111111111111111111111111111111111111100000000000000000000000000000000111111111111111111111111111111111111000011110
0000000000111111111111111111111111111111111111111111111111000011111111111111111111111111111111111111111111111111110000111111111111111111110000111111111111111111111111111111111111111100000000000000000000000000000000111111111111111111111111111111111111000011110
0000000000111111111111111111111111111111111111111111110000000011111111111111111111111111111111111111111111111111111111111111111111111111111111111100000000000000000000111111110000000000000000000000001111111111111111111111111111111111111111111111111111000011110
0000000000111111111111111111111111111111111111111111110000000011111111111111111111111111111111111111111111111111111111111111111111111111111111111100000000000000000000111111110000000000000000000000001111111111111111111111111111111111111111111111111111000011110
0000000000111111111111111111111111111111111111111111110000000011111111111111111111111111111111111111111111111111111111111111111111111111111111111100000000000000000000111111110000000000000000000000001111111111111111111111111111111111111111111111111111000011110
0000000000111111111111111111111111111111111111111111110000000011111111111111111111111111111111111111111111111111111111111111111111111111111111111100000000000000000000111111110000000000000000000000001111111111111111111111111111111111111111111111111111000011110
0000000000000011111111111111111111111111111111111111110000111111111111111111111111111111110000111111111111111111111111111111111111111111110000000000000000000000000000111111110000000000000000000000001111111111111111111111111111111111111111111111111111000000000
0000000000000011111111111111111111111111111111111111110000111111111111111111111111111111110000111111111111111111111111111111111111111111110000000000000000000000000000111111110000000000000000000000001111111111111111111111111111111111111111111111111111000000000
0000000000000011111111111111111111111111111111111111110000111111111111111111111111111111110000111111111111111111111111111111111111111111110000000000000000000000000000111111110000000000000000000000001111111111111111111111111111111111111111111111111111000000000
0000000000000011111111111111111111111111111111111111110000111111111111111111111111111111110000111111111111111111111111111111111111111111110000000000000000000000000000111111110000000000000000000000001111111111111111111111111111111111111111111111111111000000000
0000000000111111111111111111111111111111111111111100000000000011111111111111110000000000000000000000001111111111111111111111111111111100001111111111111111111100000000111111110000000000000000000000001111111111111111111111111111111111111111111111111111111100000
0000000000111111111111111111111111111111111111111100000000000011111111111111110000000000000000000000001111111111111111111111111111111100001111111111111111111100000000111111110000000000000000000000001111111111111111111111111111111111111111111111111111111100000
0000000000111111111111111111111111111111111111111100000000000011111111111111110000000000000000000000001111111111111111111111111111111100001111111111111111111100000000111111110000000000000000000000001111111111111111111111111111111111111111111111111111111100000
0000000000111111111111111111111111111111111111111100000000000011111111111111110000000000000000000000001111111111111111111111111111111100001111111111111111111100000000111111110000000000000000000000001111111111111111111111111111111111111111111111111111111100000
0000000000000011111111111111111111111111111111111100000000000011111111111111110000000011000000000000000000111111111111111111111111000011111111111111111111111111110000111111111111111111110000000000001111111111111111111111111111111111111111111111111111111100000
0000000000000011111111111111111111111111111111111100000000000011111111111111110000000011000000000000000000111111111111111111111111000011111111111111111111111111110000111111111111111111110000000000001111111111111111111111111111111111111111111111111111111100000
0000000000000011111111111111111111111111111111111100000000000011111111111111110000000011000000000000000000111111111111111111111111000011111111111111111111111111110000111111111111111111110000000000001111111111111111111111111111111111111111111111111111111100000
0000000000000011111111111111111111111111111111111100000000000011111111111111110000000011000000000000000000111111111111111111111111000011111111111111111111111111110000111111111111111111110000000000001111111111111111111111111111111111111111111111111111111100000
0000000000000011111111111111111111111111111111111100000000111111111111111111111111111111111111000000000000111111111111111111110000111111111111111111111111111111111111111111111111111111110000000000001111111111111111111111111111111111111111111111111111111100000
0000000000000011111111111111111111111111111111111100000000111111111111111111111111111111111111000000000000111111111111111111110000111111111111111111111111111111111111111111111111111111110000000000001111111111111111111111111111111111111111111111111111111100000
0000000000000011111111111111111111111111111111111100000000111111111111111111111111111111111111111111110000111111111111111111110000111111111111111111111111111111111111111111111111111111110000000000001111111111111111111111111111111111111111111111111111111100000
0000000000000011111111111111111111111111111111111100000000111111111111111111111111111111111111111111110000111111111111111111110000111111111111111111111111111111111111111111111111111111110000000000001111111111111111111111111111111111111111111111111111111100000
0000000000000000001111000000001111000000001111000000001111111111111111111111111111111111111111111111110000111111111111111111110000000011111111111100000000111111111111111111111111111100000000000000001111111111111111111111111111111111111111111111111111111100000
0000000000000000001111000000001111000000001111000000001111111111111111111111111111111111111111111111110000111111111111111111110000000011111111111100000000111111111111111111111111111100000000000000001111111111111111111111111111111111111111111111111111111100000
0000000000000000001111000000001111000000001111000000001111111111111111111111111111111111111111111111110000111111111111111111110000000011111111111100000000111111111111111111111111111100000000000000001111111111111111111111111111111111111111111111111111111100000
0000000000000000001111000000001111000000001111000000001111111111111111111111111111111111111111111111110000111111111111111111110000000011111111111100000000111111111111111111111111111100000000000000001111111111111111111111111111111111111111111111111111111100000
0000000000111100000000000011111111000000000000000000001111111111111111111111111111111111111111111111111111111111111111111111110000111111111111111111110000111111111111111111111111111111111111000000001111111111111111111111111111111111111111111111111111111100000
0000000000111100000000000011111111000000000000000000001111111111111111111111111111111111111111111111111111111111111111111111110000111111111111111111110000111111111111111111111111111111111111000000001111111111111111111111111111111111111111111111111111111100000
0000000000001100000000000011111111000000000000000000001111111111111111111111111111111111111111111111111111111111111111111111110000111111111111111111110000111111111111111111111111111111111111000000001111111111111111111111111111111111111111111111111111111100000
0000000000001100000000000011111111000000000000000000001111111111111111111111111111111111111111111111111111111111111111111111110000111111111111111111110000111111111111111111111111111111111111000000001111111111111111111111111111111111111111111111111111111100000
0000000000000011110000111111111111111111110000000000001111111111111111111111111111111111111111111111111111111111111111111111110000111111111111111111110000111111111111111111111111111111111111000000001111111111111111111111111111111111111111111111111111111100000
0000000000000011110000111111111111111111110000000000001111111111111111111111111111111111111111111111111111111111111111111111110000111111111111111111110000111111111111111111111111111111111111000000001111111111111111111111111111111111111111111111111111111100000
0000000000000011000000111111111111111111110000000000001111111111111111111111111111111111111111111111111111111111111111111111110000111111111111111111110000111111111111111111111111111111111111000000001111111111111111111111111111111111111111111111111111111100000
0000000000000011000000111111111111111111110000000000001111111111111111111111111111111111111111111111111111111111111111111111110000111111111111111111110000111111111111111111111111111111111111000000001111111111111111111111111111111111111111111111111111111100000
0000000000000000001111111111111111111111110000000000001111111111111111111111110000111111111111111111111111000011111111111111111111111111111111111100001111111111111111111100001111111111111111000000001111111111111111111111111111111111111111111111111111111100000
0000000000000000001111111111111111111111110000000000001111111111111111111111110000111111111111111111111111000011111111111111111111111111111111111100001111111111111111111100001111111111111111000000001111111111111111111111111111111111111111111111111111111100000
0000000000000000001111111111111111111111110000000000001111111111111111111111110000111111111111111111111111000011111111111111111111111111111111111100001111111111111111111100001111111111111111000000001111111111111111111111111111111111111111111111111111111100000
0000000000000000001111111111111111111111110000000000001111111111111111111111110000111111111111111111111111000011111111111111111111111111111111111100001111111111111111111100001111111111111111000000001111111111111111111111111111111111111111111111111111111100000
0000000000000011111111111111111111111111111111111111111111111111111111111111111111111111111111111111110000000011111111111111111111111111111111111100001111111111111111111100001111111111110000000000001111111111111111111111111111111111111111111111111111111100000
0000000000000011111111111111111111111111111111111111111111111111111111111111111111111111111111111111110000000011111111111111111111111111111111111100001111111111111111111100001111111111110000000000001111111111111111111111111111111111111111111111111111111100000
0000000000000011111111111111111111111111111111111111111111111111111111111111111111111111111111111111110000000011111111111111111111111111111111111100001111111111111111111100001111111111110000000000001111111111111111111111111111111111111111111111111111111100000
0000000000000011111111111111111111111111111111111111111111111111111111111111111111111111111111111111110000000011111111111111111111111111111111111100001111111111111111111100001111111111110000000000001111111111111111111111111111111111111111111111111111111100000
0000000000111111111111111111111111111111111111111111111111111111111111111111111111111111111111111111110000000011111111111111111111111111111111111100001111111111111111111111111111111111111111000000001111111111111111111111111111111111111111111111111111111100000
0000000000111111111111111111111111111111111111111111111111111111111111111111111111111111111111111111110000000011111111111111111111111111111111111100001111111111111111111111111111111111111111000000001111111111111111111111111111111111111111111111111111111100000
0000000000111111111111111111111111111111111111111111111111110011111111111111111111111111111111111111110000000011111111111111111111111111111111111100001111111111111111111111111111111111111111000000001111111111111111111111111111111111111111111111111111111100000
0000000000111111111111111111111111111111111111111111111111110011111111111111111111111111111111111111110000000011111111111111111111111111111111111100001111111111111111111111111111111111111111000000001111111111111111111111111111111111111111111111111111111100000
0000000000111111111111111111111111111111111111111111110000000011111111111111111111111111111111111100000000000011111111111111111111111111111111111111111111111111111111111111111111111111111111000000001111111111111111111111111111111111111111111111111111111100000
0000000000111111111111111111111111111111111111111111110000000011111111111111111111111111111111111100000000000011111111111111111111111111111111111111111111111111111111111111111111111111111111000000001111111111111111111111111111111111111111111111111111111100000
0000000000111111111111111111111111111111111111111111110000000011111111111111111111111111111111111100000000000011111111111111111111111111111111111111111111111111111111111111111111111111111111000000001111111111111111111111111111111111111111111111111111111100000
0000000000111111111111111111111111111111111111111111110000000011111111111111111111111111111111111100000000000011111111111111111111111111111111111111111111111111111111111111111111111111111111000000001111111111111111111111111111111111111111111111111111111100000
0000000000111111111111111111111111111111111111111100001111111111111111111111111111111111110000000000000000000011111111111111111111111111111111111111110000111111111111111111111111111111110000000000001111111111111111111111111111111111111111111111111111111100000
0000000000111111111111111111111111111111111111111100001111111111111111111111111111111111110000000000000000000011111111111111111111111111111111111111110000111111111111111111111111111111110000000000001111111111111111111111111111111111111111111111111111111100000
0000000000111111111111111111111111111111111111111100001111111111111111111111111111111111110000000000000000000011111111111111111111111111111111111111110000111111111111111111111111111111110000000000001111111111111111111111111111111111111111111111111111111100000
0000000000111111111111111111111111111111111111111100001111111111111111111111111111111111110000000000000000000011111111111111111111111111111111111111110000111111111111111111111111111111110000000000001111111111111111111111111111111111111111111111111111111100000
0000000000000011111111111111111111111111111111000000000000110011111111111111111111111100000000000000000000000011111111111111111111111100000000000011111111111111111111111111111111111100000000000000001111111111111111111111111111111111111111111111111111111100000
0000000000000011111111111111111111111111111111000000000000110011111111111111111111111100000000000000000000000011111111111111111111111100000000000011111111111111111111111111111111111100000000000000001111111111111111111111111111111111111111111111111111111100000
0000000000000011111111111111111111111111111111000000000000111111111111111111111111111100000000000000000000000011111111111111111111111100000000000011111111111111111111111111111111111100000000000000001111111111111111111111111111111111111111111111111111111100000
0000000000000011111111111111111111111111111111000000000000111111111111111111111111111100000000000000000000000011111111111111111111111100000000000011111111111111111111111111111111111100000000000000001111111111111111111111111111111111111111111111111111111100000
0000000000000000000000000011111111111111110000000011110000000000000000000000000000000000000000000011110000000000000000000011110000000000000000000000000000000000000000000011110000000000000000000000001111111111111111111111111111111111111111111111111111111100000
0000000000000000000000000011111111111111110000000011110000000000000000000000000000000000000000000011110000000000000000000011110000000000000000000000000000000000000000000011110000000000000000000000001111111111111111111111111111111111111111111111111111111100000
0000000000000000000000000011111111111111110000000011110000000011110000000000000000000000000000000011110000000000000000000011110000000000000000000000000000000000000000000011110000000000000000000000001111111111111111111111111111111111111111111111111111111100000
0000000000000000000000000011111111111111110000000011110000000011110000000000000000000000000000000011110000000000000000000011110000000000000000000000000000000000000000000011110000000000000000000000001111111111111111111111111111111111111111111111111111111100000
0000000000000000000000000000000000000000000000000000000000000000000000000000000000000000000000000011110000000000000000000000000000000000000000000000000000000000000000000000000000000000000000000000001111111111111111111111111111111111111111111111111111111100000
0000000000000000000000000000000000000000000000000000000000000000000000000000000000000000000000000011110000000000000000000000000000000000000000000000000000000000000000000000000000000000000000000000001111111111111111111111111111111111111111111111111111111100000
0000000000000000000000000000000000000000000000000000000000000000000000000000000000000000000000000011110000000000000000000000000000000000000000000000000000000000000000000000000000000000000000000000001111111111111111111111111111111111111111111111111111111100000
0000000000000000000000000000000000000000000000000000000000000000000000000000000000000000000000000011110000000000000000000000000000000000000000000000000000000000000000000000000000000000000000000000001111111111111111111111111111111111111111111111111111111100000
0000000000000000000000000000000000000000000000000000000000000000000000000000000000000000000000000000000000000000000000000000000000000000000000000000000000000000000000000000000000000000000000000000000000000000000000000000000000000000000000000000000000000000000
0000000000000000000000000000000000000000000000000000000000000000000000000000000000000000000000000000000000000000000000000000000000000000000000000000000000000000000000000000000000000000000000000000000000000000000000000000000000000000000000000000000000000000000
